256
Time: 83.95806948343913
Query result: 3390667
0.1 1960.37774738347
0.2 871.0475462956598
0.4 511.5734660059118
0.8 200.1768060026774
1.6 262.16834102746685
3.2 51.64043727295676
6.4 30.316260898633487
12.8 27.668399368465657
128
Time: 41.29922906557719
Query result: 3390667
0.1 1064.4080317894209
0.2 627.8705850326508
0.4 299.6670853122429
0.8 120.2702918047459
1.6 52.22854188802553
3.2 55.217035608380044
6.4 20.871621605549283
12.8 10.52374344299206
64
Time: 51.04553556442261
Query result: 3390667
0.1 392.6926567380239
0.2 388.9539917904444
0.4 180.14024043262165
0.8 64.31642668258787
1.6 48.0705422927705
3.2 23.02752141405876
6.4 12.386265880910646
12.8 3.790322978852919
32
Time: 75.29095824559529
Query result: 3390667
0.1 1107.3873061643692
0.2 1057.022452666416
0.4 971.7003875718774
0.8 1041.3023819178577
1.6 1039.6360629999485
3.2 1029.2210257952313
6.4 1038.0677200697864
12.8 1036.4660315853248
16
Time: 112.05907837549846
Query result: 3390667
0.1 94611.57587337929
0.2 94607.34245608297
0.4 94645.17801955348
0.8 94648.84675942958
1.6 94655.3654643269
3.2 94654.78134719303
6.4 94656.21656445574
12.8 94654.46802651712
8
Time: 805.4224413235983
Query result: 3390667
0.1 1015611.5759012324
0.2 1015706.4345069334
0.4 1015715.345776358
0.8 1015696.7892044645
1.6 1015713.3272087814
3.2 1015710.6426365536
6.4 1015710.5379455623
12.8 1015710.9576708928
4
Time: 907.4291790326437
Query result: 3390667
0.1 2065830.0083983778
0.2 2065826.8967490841
0.4 2065812.540294209
0.8 2065814.5697492757
1.6 2065811.060372362
3.2 2065813.6449648552
6.4 2065813.5405731932
12.8 2065813.2449239609
2
Time: 430.72780386606854
Query result: 3390667
0.1 2691622.251091255
0.2 2691620.621850277
0.4 2691626.4625953194
0.8 2691625.1743714693
1.6 2691624.2163342643
3.2 2691624.5296082133
6.4 2691624.6372899883
12.8 2691624.6535712215
