262144
Time: 5.606601079305013
Query result: 794210
0.1 3331654.1837425963
0.2 2132318.314963276
0.4 1422898.645390952
0.8 300426.4805872339
1.6 177198.78525697184
3.2 58221.41256833418
6.4 23128.6521331463
12.8 16413.89198890125
131072
Time: 5.382841904958089
Query result: 794210
0.1 1497695.4506139646
0.2 740198.3570851999
0.4 585355.5766983808
0.8 151459.34941693168
1.6 132201.5586596083
3.2 53715.25404593969
6.4 12940.236923160297
12.8 5195.40635546361
65536
Time: 5.30358624458313
Query result: 794210
0.1 582710.8645248344
0.2 351018.6821869623
0.4 145211.7991444558
0.8 70546.49134739877
1.6 27575.926057933655
3.2 15739.346747957961
6.4 7999.529373893461
12.8 3943.3290316209946
32768
Time: 6.0979039669036865
Query result: 794210
0.1 515277.52362547984
0.2 153968.02569033703
0.4 78412.26882707563
0.8 56446.23659162875
1.6 32236.435490257303
3.2 13753.37430638577
6.4 3122.6306693131855
12.8 3093.820795535453
16384
Time: 7.162069161732991
Query result: 794210
0.1 135842.67399824498
0.2 59152.400819529445
0.4 23866.499698710795
0.8 12304.207122547494
1.6 11005.695381054185
3.2 4523.862982424028
6.4 2480.068921260855
12.8 1523.87244885378
8192
Time: 9.686551888783773
Query result: 794210
0.1 91232.35584892162
0.2 48693.84356990112
0.4 22920.729388479358
0.8 13233.21877548167
1.6 6870.768650945279
3.2 3166.0355819975584
6.4 1659.4147251993386
12.8 573.3905354028177
4096
Time: 9.435261726379395
Query result: 794210
0.1 35026.63423008851
0.2 17999.164151937344
0.4 9894.60676815197
0.8 4475.454582351953
1.6 3684.741268102661
3.2 558.8479634840717
6.4 747.6282456058973
12.8 547.2916187665603
2048
Time: 9.370755513509115
Query result: 794210
0.1 17054.62529894888
0.2 9721.665854158364
0.4 6230.93772560549
0.8 2756.9996557195523
1.6 1023.051597352964
3.2 462.54272003634094
6.4 397.6148227953179
12.8 118.81609118646149
1024
Time: 9.586395978927612
Query result: 794210
0.1 10995.869513932794
0.2 4488.866396856055
0.4 4558.240050766724
0.8 1724.6490786131199
1.6 1856.4582622931498
3.2 1654.1888268327152
6.4 1630.7757723992404
12.8 1558.6224462003538
512
Time: 10.121189196904501
Query result: 794210
0.1 17216.51551525537
0.2 20523.269380619917
0.4 22280.20556999924
0.8 21285.078624133137
1.6 20791.623216520376
3.2 21102.640359418536
6.4 21094.25636131131
12.8 21070.47109955888
256
Time: 9.772168477376303
Query result: 794210
0.1 78715.81182000898
0.2 78825.4670094802
0.4 79465.26504546904
0.8 79145.97272005123
1.6 79217.68686786035
3.2 79135.46761244342
6.4 79162.09184290186
12.8 79155.79993871297
128
Time: 14.364660580952963
Query result: 794210
0.1 182493.94320464443
0.2 182553.25458784655
0.4 182255.4970212891
0.8 182256.28999280807
1.6 182279.48761192974
3.2 182278.2747528254
6.4 182270.1662539973
12.8 182262.21796850886
64
Time: 42.34292300542196
Query result: 794210
0.1 309865.91929181584
0.2 310641.0987711128
0.4 310439.96257374116
0.8 310419.2858951424
1.6 310476.89807439863
3.2 310459.34927509807
6.4 310453.9964502806
12.8 310454.2484490514
32
Time: 69.58961486816406
Query result: 794210
0.1 438390.316830512
0.2 438439.3290452068
0.4 438518.151717416
0.8 438494.8829502306
1.6 438507.1724120636
3.2 438501.3825480634
6.4 438500.257349978
12.8 438501.8002915837
16
Time: 107.9248058795929
Query result: 794210
0.1 549839.4767041585
0.2 549905.3629345912
0.4 549920.1690307885
0.8 549927.7071602948
1.6 549924.1514491346
3.2 549919.6444751165
6.4 549916.8349223365
12.8 549915.5969852246
8
Time: 387.13308962186176
Query result: 794210
0.1 636969.6774457151
0.2 636959.6340369625
0.4 636946.2472338912
0.8 636937.0731020931
1.6 636941.0227347726
3.2 636940.6268817774
6.4 636941.1235107257
12.8 636941.2862605383
4
Time: 1137.5909252961476
Query result: 794210
0.1 699487.3550778296
0.2 699480.0419431948
0.4 699474.0763201087
0.8 699478.2872185174
1.6 699478.4716538201
3.2 699477.7637607127
6.4 699477.14742136
12.8 699477.3603877708
2
Time: 2059.851743777593
Query result: 794210
0.1 740554.5597435848
0.2 740549.7426289452
0.4 740544.9360367664
0.8 740549.1102518315
1.6 740546.5782481901
3.2 740547.0711741222
6.4 740547.3609948668
12.8 740547.2527056789
