16
Time: 12.138071219126383
Query result: 1541898
0.1 137.99130339443406
0.2 99.14182299903126
0.4 48.78854775248128
0.8 24.629278036715085
1.6 13.055098949087363
3.2 4.918741590130006
6.4 1.5560362148995666
12.8 1.8489891701899972
8
Time: 12.421197573343912
Query result: 1541898
0.1 84.16429980811316
0.2 54.98301646864563
0.4 15.270081226597132
0.8 12.47076832704094
1.6 6.230507075700833
3.2 5.012288099837614
6.4 4.327304401924261
12.8 4.0296734707446635
4
Time: 12.084020535151163
Query result: 1541898
0.1 9735.381428390008
0.2 9726.945142156239
0.4 9736.203148656637
0.8 9737.865002157012
1.6 9734.733150289236
3.2 9734.399637275403
6.4 9734.951548702813
12.8 9734.484961351704
2
Time: 45.22409955660502
Query result: 1541898
0.1 551502.8964896696
0.2 551514.9449465548
0.4 551513.7467123555
0.8 551512.5953614487
1.6 551514.0115081236
3.2 551513.9297335127
6.4 551514.0312183887
12.8 551513.8628537909
