256
Time: 177.74131417274475
Query result: 5995090
0.1 3958.2534949753535
0.2 1133.3742050769738
0.4 380.12470887976417
0.8 415.4599024148368
1.6 180.58510157928487
3.2 97.7851723876603
6.4 47.4617353066232
12.8 15.574803373791756
128
Time: 102.93293889363606
Query result: 5995090
0.1 1414.8257420107907
0.2 465.59932255137437
0.4 412.11919235752595
0.8 89.86074529914622
1.6 91.43064661690805
3.2 34.199032685700544
6.4 23.493749660720784
12.8 14.626851022087763
64
Time: 133.42014916737875
Query result: 5995090
0.1 724.4409975746023
0.2 290.28664129830565
0.4 288.9848599738692
0.8 102.57153680603173
1.6 68.06342331905145
3.2 50.52193274479078
6.4 41.40173995043911
12.8 52.95907450131771
32
Time: 100.03406031926473
Query result: 5995090
0.1 1964.6771728253711
0.2 1995.502356059258
0.4 2040.740948296215
0.8 2018.1437697381232
1.6 2066.5309772003316
3.2 2037.8842152923676
6.4 2047.3620062278183
12.8 2047.5095159026216
16
Time: 100.69899948438008
Query result: 5995090
0.1 151770.97121927553
0.2 151701.71548598306
0.4 151685.34520522752
0.8 151705.3399674386
1.6 151698.38611895853
3.2 151693.85794211394
6.4 151695.21621656758
12.8 151693.61855314998
8
Time: 937.5125406583151
Query result: 5995090
0.1 1723783.254710889
0.2 1723725.0438530904
0.4 1723741.2440990438
0.8 1723737.1784038797
1.6 1723737.2049020138
3.2 1723737.6172350228
6.4 1723738.499583836
12.8 1723737.5253945258
4
Time: 1467.3096890449524
Query result: 5995090
0.1 3596475.1460263
0.2 3596459.110984359
0.4 3596483.2573990403
0.8 3596485.5504824393
1.6 3596482.367713809
3.2 3596483.4842210202
6.4 3596483.5613681152
12.8 3596483.5804035477
2
Time: 1333.813628911972
Query result: 5995090
0.1 4732672.873833231
0.2 4732680.0518439505
0.4 4732673.07953218
0.8 4732671.735635409
1.6 4732672.113708144
3.2 4732672.264698231
6.4 4732672.463959488
12.8 4732672.487757959
