262144
Time: 6.878220637639363
Query result: 717719
0.1 1906868.3349841684
0.2 1313783.815663216
0.4 948298.1977013259
0.8 177108.67895853642
1.6 167365.22653794548
3.2 102816.50446775691
6.4 44446.187401499636
12.8 15842.491151001368
131072
Time: 7.045495669047038
Query result: 717719
0.1 1507636.3984788056
0.2 502282.4470025574
0.4 494775.6884540639
0.8 223850.76634496418
1.6 137504.8570774818
3.2 43507.665138200464
6.4 24602.044179224362
12.8 9671.20594068387
65536
Time: 7.105293273925781
Query result: 717719
0.1 938485.0404552149
0.2 319642.7632159507
0.4 143996.79363095274
0.8 89856.4353849908
1.6 40757.824364874876
3.2 17799.70081350262
6.4 7067.198936298169
12.8 5884.485071234312
32768
Time: 7.626073122024536
Query result: 717719
0.1 259249.05829612064
0.2 97738.28913503671
0.4 91521.78888774963
0.8 63368.83977680332
1.6 23391.608336135097
3.2 12028.220262350402
6.4 3810.3570656485012
12.8 2318.1073514561303
16384
Time: 6.8539040088653564
Query result: 717719
0.1 215126.99857267403
0.2 126131.10160419453
0.4 54591.94313466696
0.8 14087.86995494748
1.6 12281.118444734453
3.2 4694.940865063977
6.4 2345.7680925340983
12.8 1128.2205176129137
8192
Time: 6.694580793380737
Query result: 717719
0.1 116557.38112807911
0.2 25231.480301464537
0.4 23833.354190648788
0.8 10020.708169620668
1.6 4458.381418987157
3.2 2582.836609672822
6.4 1364.5130672493804
12.8 549.3530042090504
4096
Time: 7.258298397064209
Query result: 717719
0.1 29658.344203819775
0.2 34699.702207495415
0.4 13615.311432966078
0.8 6137.264167025376
1.6 2126.0211213579987
3.2 1409.512867878689
6.4 376.42954329236346
12.8 275.07309039479026
2048
Time: 6.03479019800822
Query result: 717719
0.1 17903.581358049792
0.2 9503.458784777114
0.4 3924.2109768134787
0.8 1885.7921890227178
1.6 1595.5776868143441
3.2 421.4659410337766
6.4 259.8862851461288
12.8 89.38580484185785
1024
Time: 6.130444447199504
Query result: 717719
0.1 9624.104191515054
0.2 5100.239135922794
0.4 2926.6746255187686
0.8 1651.7767014330082
1.6 625.1737172355838
3.2 282.2564295218065
6.4 163.54526094908508
12.8 43.98350764681782
512
Time: 6.2106906572977705
Query result: 717719
0.1 3757.1355320443363
0.2 3292.5172117684206
0.4 1210.070258896621
0.8 476.69938789935725
1.6 288.23298203701205
3.2 239.0500334683371
6.4 77.12060499820493
12.8 40.16515188738354
256
Time: 6.518079121907552
Query result: 717719
0.1 3403.9960983289725
0.2 1819.8225868235786
0.4 904.0935010223668
0.8 1115.062361870894
1.6 1050.7214454504815
3.2 1066.1549591616754
6.4 1106.9740966300922
12.8 1086.9091339111242
128
Time: 6.284694353739421
Query result: 717719
0.1 5707.032340603776
0.2 4620.784173645336
0.4 4987.090924504516
0.8 4988.325004743511
1.6 5121.287810578673
3.2 5096.9572765546945
6.4 5117.038373835656
12.8 5109.100202917567
64
Time: 6.174502929051717
Query result: 717719
0.1 17819.089766564026
0.2 17437.124124594477
0.4 17696.60700127155
0.8 17593.146739099946
1.6 17684.317084868493
3.2 17680.115402283685
6.4 17650.29544574681
12.8 17653.964994767637
32
Time: 6.812768220901489
Query result: 717719
0.1 53406.87138014968
0.2 53242.204851603754
0.4 53204.51058263262
0.8 53237.59964775587
1.6 53227.58626557265
3.2 53236.05850297222
6.4 53229.948584152036
12.8 53229.2747923519
16
Time: 7.583539962768555
Query result: 717719
0.1 148890.94219895266
0.2 148741.05660037068
0.4 148777.84257748112
0.8 148804.66616250208
1.6 148786.4554172112
3.2 148784.40847254818
6.4 148784.7905106378
12.8 148784.97807319928
8
Time: 12.259276946385702
Query result: 717719
0.1 303872.65087375056
0.2 303811.3228244061
0.4 303815.33456089825
0.8 303807.80775835406
1.6 303816.31430967664
3.2 303816.04827219964
6.4 303816.5709707175
12.8 303816.3511137081
4
Time: 31.798103491465252
Query result: 717719
0.1 459657.6774613395
0.2 459682.062482996
0.4 459682.57476473117
0.8 459682.02068926336
1.6 459682.0148292615
3.2 459682.84341610863
6.4 459681.85195802356
12.8 459681.7302081012
2
Time: 27.21285327275594
Query result: 717719
0.1 573988.0236213852
0.2 574000.6003621048
0.4 574004.3564380441
0.8 574003.9913027962
1.6 574004.4516772898
3.2 574003.6264774076
6.4 574003.7470743847
12.8 574003.7929333119
