512
Time: 5.116701364517212
Query result: 846915
0.1 8090.324207087406
0.2 2728.119726683852
0.4 924.3034307589862
0.8 569.2828155068955
1.6 212.82860473481952
3.2 172.32503767956297
6.4 85.5569266247195
12.8 42.086424316552005
256
Time: 5.362532536188762
Query result: 846915
0.1 1623.4382707061784
0.2 1260.1834816604367
0.4 882.30380143289
0.8 378.87501599157855
1.6 435.99657409176933
3.2 434.81479976279496
6.4 419.8353419834158
12.8 421.53875749075314
128
Time: 5.308381636937459
Query result: 846915
0.1 3245.6878094237436
0.2 3758.939172428169
0.4 3636.240505062901
0.8 3786.3640035002027
1.6 3589.9268260719027
3.2 3632.453550467779
6.4 3640.154256222827
12.8 3630.6386996069
64
Time: 5.175293684005737
Query result: 846915
0.1 24911.233027206526
0.2 24444.008272104267
0.4 24464.20996504183
0.8 24524.401541586325
1.6 24561.554444199468
3.2 24531.715113137016
6.4 24508.51998633238
12.8 24513.14545082556
32
Time: 6.286574681599935
Query result: 846915
0.1 92434.85420316264
0.2 92547.51802774706
0.4 92467.92725978649
0.8 92389.94703997966
1.6 92390.92652624953
3.2 92378.67271935382
6.4 92384.63595656562
12.8 92379.43965755615
16
Time: 11.659764448801676
Query result: 846915
0.1 240973.57608916573
0.2 240923.66345628878
0.4 240902.63668324635
0.8 240924.27673693575
1.6 240918.10133877926
3.2 240916.09438996072
6.4 240916.60282379732
12.8 240915.28923216485
8
Time: 17.97885751724243
Query result: 846915
0.1 427645.27849249716
0.2 427686.5395681422
0.4 427683.49052630755
0.8 427679.77924971393
1.6 427675.7928993983
3.2 427677.0831162189
6.4 427677.1867737135
12.8 427677.7215316316
4
Time: 22.795382658640545
Query result: 846915
0.1 594211.5455251214
0.2 594243.2770771292
0.4 594246.8001555151
0.8 594234.8927787434
1.6 594237.0705342027
3.2 594235.8449202825
6.4 594236.7255030171
12.8 594236.5053451818
2
Time: 25.45313048362732
Query result: 846915
0.1 708995.5167368262
0.2 708995.4292583897
0.4 708992.7702259297
0.8 708996.2107572398
1.6 708995.2540537332
3.2 708995.3849710063
6.4 708995.3885251159
12.8 708995.5091620132
