4096
Time: 7.590379556020101
Query result: 262339
0.1 36013.95605989329
0.2 27854.840019748674
0.4 19461.907508686196
0.8 5091.548829468357
1.6 2426.3128352577487
3.2 2212.3535404720383
6.4 763.0475705776759
12.8 428.6438673461518
2048
Time: 11.825253168741861
Query result: 262339
0.1 23653.64130698954
0.2 7959.197835259953
0.4 4052.9976557185887
0.8 1929.9144800744812
1.6 1283.7358431421412
3.2 564.9077483526901
6.4 214.79204037457862
12.8 142.80476111897823
1024
Time: 9.712760210037231
Query result: 262339
0.1 10871.141756315374
0.2 3347.5622926188385
0.4 2188.858609610965
0.8 1761.6728164095007
1.6 529.8963509191851
3.2 358.08782407449957
6.4 244.29683258457595
12.8 50.893515748240276
512
Time: 11.617352803548178
Query result: 262339
0.1 3917.9498783418735
0.2 1369.9223340105957
0.4 1589.436964246397
0.8 762.1515919218057
1.6 275.3116364047453
3.2 143.82602318592586
6.4 94.75736157062451
12.8 55.61971321770837
256
Time: 10.789335171381632
Query result: 262339
0.1 788.0036784326464
0.2 540.8105099653801
0.4 697.0670327756477
0.8 259.59440183961647
1.6 119.37990077767965
3.2 100.95860589054816
6.4 68.01564196105761
12.8 12.087649913968955
128
Time: 8.696319262186686
Query result: 262339
0.1 1727.97880703169
0.2 502.5716488652244
0.4 318.5551090324655
0.8 79.29541859037555
1.6 98.8799053456529
3.2 36.80955713745654
6.4 19.634633073936975
12.8 6.369832950456453
64
Time: 11.289542436599731
Query result: 262339
0.1 1078.0914667768398
0.2 280.02256201811986
0.4 104.92218635645061
0.8 93.69118616576019
1.6 36.98113665850087
3.2 22.881047743739988
6.4 14.381883193203032
12.8 3.789658783335444
32
Time: 9.958761294682821
Query result: 262339
0.1 324.0570592181305
0.2 145.50847239490957
0.4 69.71877795068579
0.8 35.73920850042596
1.6 26.514605238745787
3.2 10.082789526921626
6.4 3.0366322374485444
12.8 2.285103990701246
16
Time: 13.356632788976034
Query result: 262339
0.1 86.62676341456749
0.2 112.64979877698522
0.4 50.350317547496836
0.8 20.230278733589234
1.6 12.211375310723204
3.2 4.33360937697528
6.4 2.2480414296274303
12.8 0.7650385188056081
8
Time: 9.438819567362467
Query result: 262339
0.1 48.474149471223726
0.2 28.531710679374395
0.4 21.44859396466075
0.8 15.855780311613529
1.6 4.688080739807818
3.2 3.5572422420575074
6.4 1.713516832166628
12.8 2.4393158785829545
4
Time: 8.718618710835775
Query result: 262339
0.1 464.6316450547294
0.2 441.13434083906867
0.4 463.8065011889971
0.8 463.30762909201906
1.6 458.2461805797644
3.2 462.1254929919477
6.4 460.9020054564338
12.8 460.6726994217503
2
Time: 14.279828866322836
Query result: 262339
0.1 44659.410631556224
0.2 44660.34917507251
0.4 44663.24545768499
0.8 44660.807367729154
1.6 44660.15988655989
3.2 44659.51069417001
6.4 44659.288684594554
12.8 44659.44116893753
