1024
Time: 6.524483362833659
Query result: 925872
0.1 7212.848129630291
0.2 3339.27801956103
0.4 3133.116327949908
0.8 1528.3723090307462
1.6 770.4804346632243
3.2 298.8692490897001
6.4 124.41275220372708
12.8 90.57663283063656
512
Time: 6.656232515970866
Query result: 925872
0.1 5931.80551914889
0.2 2906.3736437408493
0.4 1021.4686044145022
0.8 807.0442872333607
1.6 364.9057923647362
3.2 147.07408002261647
6.4 46.994702922282514
12.8 38.031343865981604
256
Time: 6.347333749135335
Query result: 925872
0.1 1195.3371034855197
0.2 710.3968689855373
0.4 903.5488423984243
0.8 462.8149299093249
1.6 504.893156092985
3.2 328.42480581640086
6.4 376.2971003795901
12.8 354.25192574088106
128
Time: 6.1472962697347
Query result: 925872
0.1 2239.4161604864676
0.2 2000.4195699791835
0.4 1907.8175350275183
0.8 2214.6090184661502
1.6 2061.847527378128
3.2 2058.515679188464
6.4 2078.8561942470756
12.8 2070.946422095488
64
Time: 6.764129479726155
Query result: 925872
0.1 9643.478518993988
0.2 9721.723903306238
0.4 9736.27870806961
0.8 9703.232697374124
1.6 9674.39758861414
3.2 9683.331057566984
6.4 9697.280170221977
12.8 9694.694237196822
32
Time: 6.849236726760864
Query result: 925872
0.1 36896.86138355231
0.2 36753.73015098197
0.4 36761.31358286031
0.8 36796.100594729585
1.6 36764.97879341971
3.2 36766.91697765137
6.4 36771.95612922883
12.8 36770.02244874269
16
Time: 6.244786024093628
Query result: 925872
0.1 109513.60328075108
0.2 109480.7518124986
0.4 109495.75717818263
0.8 109499.27050903221
1.6 109504.89714160208
3.2 109506.58071577638
6.4 109506.61515228303
12.8 109505.77794365026
8
Time: 7.608339707056682
Query result: 925872
0.1 255640.37080939655
0.2 255683.52842956973
0.4 255670.0605663355
0.8 255664.00252695434
1.6 255667.27615136
3.2 255666.83809201853
6.4 255665.0827663547
12.8 255665.72074389207
4
Time: 11.984488248825073
Query result: 925872
0.1 456012.4053131423
0.2 456037.4597475865
0.4 456010.7048751779
0.8 456015.3041520376
1.6 456012.54069410375
3.2 456013.5045617508
6.4 456012.70987494185
12.8 456013.194326548
2
Time: 14.828277905782064
Query result: 925872
0.1 645316.8148821704
0.2 645331.0900276613
0.4 645325.9128696595
0.8 645322.6685198608
1.6 645322.1897212424
3.2 645323.2592960355
6.4 645322.8049976164
12.8 645322.9879405611
