256
Time: 0.8373865286509196
Query result: 67150
0.1 4550.127222310197
0.2 1082.9992409651097
0.4 605.6144190668526
0.8 182.2960053015371
1.6 118.9894758857167
3.2 44.67220976372742
6.4 33.41937558882236
12.8 22.90530577805162
128
Time: 0.6125648021697998
Query result: 67150
0.1 1529.2738555201672
0.2 505.51289253642847
0.4 344.8520520304295
0.8 189.0778292152225
1.6 101.2079327594752
3.2 34.40425885964739
6.4 16.275939242141035
12.8 6.861686612196976
64
Time: 0.568117618560791
Query result: 67150
0.1 710.398094777324
0.2 341.68028365615817
0.4 249.57656350239304
0.8 95.59881195095312
1.6 45.36917910275417
3.2 27.77011178930569
6.4 14.139577424960143
12.8 3.944006977002627
32
Time: 0.5851167837778727
Query result: 67150
0.1 273.6339982229655
0.2 230.64185268336783
0.4 69.62095643006019
0.8 33.68005682429511
1.6 27.44268241267372
3.2 9.941573718440171
6.4 3.8343718576409254
12.8 2.0973883230996475
16
Time: 0.6025203069051107
Query result: 67150
0.1 165.25490161120564
0.2 113.85353222905935
0.4 57.552645245112366
0.8 27.308189439785185
1.6 9.39875049654908
3.2 4.262954651711742
6.4 2.4583335542390383
12.8 0.9743827980229145
8
Time: 0.5934282938639323
Query result: 67150
0.1 51.675512960636205
0.2 43.02756591728775
0.4 19.892279175810806
0.8 9.927642248338028
1.6 4.853236723286734
3.2 2.7671726958109844
6.4 1.1224325571997507
12.8 0.41261468536069057
4
Time: 0.5804059505462646
Query result: 67150
0.1 33.68388940669424
0.2 27.996399552410015
0.4 14.34784093840678
0.8 12.776418182603296
1.6 15.64995401980524
3.2 14.87388861153317
6.4 15.383271701134595
12.8 14.899670306687227
2
Time: 0.4908916155497233
Query result: 67150
0.1 1009.9887003496509
0.2 1011.1482407008853
0.4 1014.8784469917582
0.8 1017.0825171139579
1.6 1016.2277123855276
3.2 1016.1026309541088
6.4 1015.340421737062
12.8 1015.6694512129616
