1048576
Time: 6.396399180094401
Query result: 667129
0.1 6125991.6172121465
0.2 4685936.505435698
0.4 3269191.697595787
0.8 1232233.7173197861
1.6 982785.0048901571
3.2 336657.9471844116
6.4 57663.109094015905
12.8 62523.39516627154
524288
Time: 6.37700613339742
Query result: 667129
0.1 8692739.371233653
0.2 1887811.4883156016
0.4 1092793.2106517397
0.8 511773.82683370187
1.6 462979.6294665591
3.2 212326.42042114976
6.4 54186.290571630176
12.8 32597.935722378792
262144
Time: 6.87443486849467
Query result: 667129
0.1 1140889.3698360473
0.2 835123.8392099469
0.4 546026.3003784642
0.8 196641.13515424385
1.6 230501.75761269388
3.2 95312.01799026274
6.4 29644.26864079492
12.8 23935.375573957903
131072
Time: 6.962379693984985
Query result: 667129
0.1 936003.5262988058
0.2 670119.137561179
0.4 283660.81567056396
0.8 226580.23716922913
1.6 77225.05554299917
3.2 14844.782774735499
6.4 19715.17746596103
12.8 9957.529958771993
65536
Time: 6.988085349400838
Query result: 667129
0.1 515424.17949539085
0.2 416019.9773255715
0.4 185339.61962477522
0.8 81702.17013371376
1.6 79233.49723461221
3.2 26501.975841164975
6.4 7173.790195825316
12.8 4112.810412163077
32768
Time: 6.467186292012532
Query result: 667129
0.1 330517.2654729083
0.2 333674.37529938295
0.4 66077.74694513675
0.8 47610.52381081373
1.6 19971.280920843034
3.2 13394.01389980564
6.4 2493.329865473462
12.8 3686.3036810450153
16384
Time: 6.381293296813965
Query result: 667129
0.1 175896.3175451463
0.2 97457.31830616819
0.4 37631.48354903429
0.8 21154.161176294798
1.6 16725.446127383264
3.2 4482.826248505911
6.4 3257.3332168922
12.8 2530.0883705518922
8192
Time: 5.883867184321086
Query result: 667129
0.1 81301.85416255893
0.2 23097.205330453464
0.4 16606.12443729125
0.8 7421.817620921761
1.6 9491.022099082185
3.2 2423.846266797021
6.4 1465.336100233253
12.8 559.3481693970814
4096
Time: 5.936737696329753
Query result: 667129
0.1 54036.50938349634
0.2 20709.163510666614
0.4 12276.533971348885
0.8 4629.438951271031
1.6 1844.4007924272053
3.2 2029.5773037515416
6.4 615.9466422994269
12.8 281.15992495248986
2048
Time: 6.460272391637166
Query result: 667129
0.1 21581.823247103493
0.2 7521.378802594222
0.4 5653.197732484517
0.8 3701.4101244142134
1.6 1051.7075111285433
3.2 1019.4353675731115
6.4 457.4671383740518
12.8 215.44333562211682
1024
Time: 6.426794052124023
Query result: 667129
0.1 17205.603672145295
0.2 2977.655576069333
0.4 1675.0202103595911
0.8 1631.5732569662464
1.6 482.41600906197857
3.2 250.16993161841032
6.4 140.71462559877298
12.8 54.31311886986274
512
Time: 6.261357227961223
Query result: 667129
0.1 5836.248513563039
0.2 2933.040641714565
0.4 1017.8019478715203
0.8 344.6469400857581
1.6 445.2047561151144
3.2 170.67538482005705
6.4 133.72429092456463
12.8 56.67883625316464
256
Time: 6.136543909708659
Query result: 667129
0.1 4629.8993646576655
0.2 1468.7548506308271
0.4 2023.5200285261774
0.8 2131.02969516402
1.6 2072.340971481802
3.2 1992.3758680658782
6.4 2000.1607651407398
12.8 2019.8917679096407
128
Time: 6.073392629623413
Query result: 667129
0.1 8121.034659015369
0.2 8554.375692211517
0.4 8420.859022706507
0.8 8451.770275540663
1.6 8326.076934643916
3.2 8361.424325005277
6.4 8356.676657194137
12.8 8367.025361853573
64
Time: 6.302097797393799
Query result: 667129
0.1 31826.088054173702
0.2 31618.104402127956
0.4 31554.764029163354
0.8 31395.862326181872
1.6 31452.029257961276
3.2 31453.0134982937
6.4 31449.277737538017
12.8 31455.507815634708
32
Time: 7.419203042984009
Query result: 667129
0.1 92421.78546348761
0.2 92446.16379184421
0.4 92340.68985840693
0.8 92329.30366051682
1.6 92312.88439656794
3.2 92329.68079834261
6.4 92329.94504359325
12.8 92330.05613398718
16
Time: 14.385382095972696
Query result: 667129
0.1 203050.19999492558
0.2 203117.4303324635
0.4 203217.2088258328
0.8 203183.70968928936
1.6 203194.96706352377
3.2 203186.82633892162
6.4 203190.74321625553
12.8 203190.2240127472
8
Time: 17.68041531244914
Query result: 667129
0.1 337853.7940425783
0.2 337855.20196123153
0.4 337829.6011594618
0.8 337833.9715285271
1.6 337833.3490870739
3.2 337837.40836684976
6.4 337837.07536167756
12.8 337837.09028658987
4
Time: 16.84510151545207
Query result: 667129
0.1 458877.8304723053
0.2 458873.72027392976
0.4 458871.4495994227
0.8 458877.26577647834
1.6 458879.0169121139
3.2 458878.39733124536
6.4 458878.4475249367
12.8 458878.51937621954
2
Time: 19.305006583531696
Query result: 667129
0.1 547414.0752247162
0.2 547417.0507120874
0.4 547412.9792636444
0.8 547417.8358267584
1.6 547416.2783079293
3.2 547416.4779289167
6.4 547416.5730578158
12.8 547416.4627021704
