16
Time: 24.561283588409424
Query result: 2766607
0.1 188.30289333700134
0.2 86.09316458793184
0.4 52.904147958996305
0.8 23.707079636112866
1.6 10.849384026773588
3.2 4.637240446185455
6.4 1.4284612643297656
12.8 1.4675465435261
8
Time: 33.253289222717285
Query result: 2766607
0.1 91.20659216736243
0.2 46.65016964560612
0.4 14.615099071289773
0.8 11.43805023345906
1.6 10.048752295732431
3.2 11.243316018962764
6.4 8.348764070795642
12.8 9.02343250613983
4
Time: 25.029144605000813
Query result: 2766607
0.1 14951.1911931287
0.2 14923.978641659804
0.4 14922.729161178571
0.8 14922.910738748717
1.6 14922.056797264147
3.2 14922.820266436192
6.4 14923.390932620121
12.8 14922.959766026634
2
Time: 78.04475259780884
Query result: 2766607
0.1 970593.3999409461
0.2 970602.1613837688
0.4 970597.2054089891
0.8 970600.3888734628
1.6 970600.9696886938
3.2 970599.5870398141
6.4 970600.5438894427
12.8 970600.5485486446
