4096
Time: 4.918270190556844
Query result: 157802
0.1 51496.90335125452
0.2 22103.438991659794
0.4 13874.365626021357
0.8 3432.367612140434
1.6 1799.6463354509426
3.2 969.3426293905989
6.4 846.9504456447446
12.8 327.5242443223032
2048
Time: 4.639795462290446
Query result: 157802
0.1 25649.24365854481
0.2 5924.055625712759
0.4 4961.295740982901
0.8 1805.1464839066598
1.6 1317.276854957422
3.2 928.7445037987281
6.4 387.2484436921892
12.8 175.27479662984857
1024
Time: 4.152925093968709
Query result: 157802
0.1 9351.140633591656
0.2 3596.8113284945257
0.4 2731.265772870418
0.8 1398.5291880493028
1.6 684.6950395657328
3.2 283.63945868754047
6.4 161.8309242167131
12.8 95.05648627819863
512
Time: 4.970324277877808
Query result: 157802
0.1 4717.881953455804
0.2 1243.624167447068
0.4 1486.831745248067
0.8 1125.7038208468925
1.6 218.67121621980596
3.2 190.77314232952665
6.4 75.06896700894565
12.8 48.650034621374495
256
Time: 4.723244110743205
Query result: 157802
0.1 3482.0467042112446
0.2 1637.1784497663098
0.4 854.3057526912501
0.8 278.2422613444197
1.6 177.7964037262022
3.2 105.26505649684752
6.4 32.43866883190931
12.8 11.65306927209562
128
Time: 4.576710303624471
Query result: 157802
0.1 1778.0124021674387
0.2 607.5301077375398
0.4 200.62256597491404
0.8 148.96422955496232
1.6 59.25938770896804
3.2 50.266860221286606
6.4 19.798652228248756
12.8 7.093331506862161
64
Time: 7.4913443724314375
Query result: 157802
0.1 664.541176303587
0.2 172.91811779692625
0.4 80.07410985179281
0.8 60.662670598020824
1.6 59.9119170418993
3.2 22.91442931145577
6.4 12.21074436518628
12.8 2.846230110699051
32
Time: 7.467966397603353
Query result: 157802
0.1 477.1171546612254
0.2 185.11709154708552
0.4 109.24943105415446
0.8 33.68322649640045
1.6 21.240934533849476
3.2 9.089212043915268
6.4 8.717513374065806
12.8 2.7574497776314972
16
Time: 6.196299235026042
Query result: 157802
0.1 179.75363855121552
0.2 89.14506069932789
0.4 29.509661677786948
0.8 31.03799794349522
1.6 7.461377735755688
3.2 4.061518953016217
6.4 2.347442293940431
12.8 0.922528558990679
8
Time: 8.257478634516398
Query result: 157802
0.1 128.17557152004377
0.2 63.71307681880537
0.4 29.78340366379129
0.8 8.80096013798946
1.6 3.8795375502367158
3.2 3.8198708000244297
6.4 1.2667943275834221
12.8 0.7628269119266715
4
Time: 6.837451616923015
Query result: 157802
0.1 165.8655617306657
0.2 170.57297530985306
0.4 152.76811276056998
0.8 152.73312991714516
1.6 154.72346159344
3.2 154.36960346108154
6.4 153.9404541862701
12.8 154.28523678330902
2
Time: 6.314932584762573
Query result: 157802
0.1 27971.00605925392
0.2 27994.622785236315
0.4 27985.572375708765
0.8 27984.927517307817
1.6 27985.582556221383
3.2 27985.819211922866
6.4 27985.672079243715
12.8 27985.78021950482
