134217728
Time: 105.05763252576192
Query result: 2477087
0.1 1483710827.0080206
0.2 512554051.43051654
0.4 346400780.7126955
0.8 191997400.82844663
1.6 81721186.09127821
3.2 53844307.5174821
6.4 19148381.914685305
12.8 8562525.14135145
67108864
Time: 118.37842202186584
Query result: 2477087
0.1 612842519.0806236
0.2 446510987.30858815
0.4 110779728.69210891
0.8 92015547.46396907
1.6 30612397.94525187
3.2 20632156.885158945
6.4 10818048.277948424
12.8 5712516.6893803235
33554432
Time: 137.8022624651591
Query result: 2477087
0.1 373228434.2371203
0.2 222832399.28884593
0.4 93914638.71350357
0.8 71508513.03886154
1.6 30436958.9821916
3.2 8405683.863021852
6.4 5196037.289872903
12.8 2243729.3673003614
16777216
Time: 123.69380974769592
Query result: 2477087
0.1 270637609.69564044
0.2 93951253.15003812
0.4 34543249.12903748
0.8 8447990.160562553
1.6 6686993.773388119
3.2 4925549.017540598
6.4 4029000.399775303
12.8 1575624.6972480088
8388608
Time: 119.82477005322774
Query result: 2477087
0.1 78171359.90568648
0.2 48677809.23126315
0.4 27843848.989047147
0.8 15657343.780159106
1.6 6340709.459539703
3.2 1580166.4192851277
6.4 1219243.060995349
12.8 893692.2183722105
4194304
Time: 120.04842193921407
Query result: 2477087
0.1 38802594.11943132
0.2 23094993.90121983
0.4 9019576.230551058
0.8 5694614.935654248
1.6 2937852.5176034044
3.2 1203263.8525918745
6.4 758790.2355230844
12.8 410144.4586420843
2097152
Time: 121.91658767064412
Query result: 2477087
0.1 25536307.05655941
0.2 11302802.098249225
0.4 4615167.914574338
0.8 3211790.3366520293
1.6 1000884.703104938
3.2 862996.5888254961
6.4 256688.91434496394
12.8 161287.90059223282
1048576
Time: 109.73841333389282
Query result: 2477087
0.1 11517697.70004175
0.2 5436353.1675942335
0.4 3294088.9924065857
0.8 837704.3199156553
1.6 606178.6862959873
3.2 353849.5697032063
6.4 106741.86262069747
12.8 57285.54001407339
524288
Time: 104.81145310401917
Query result: 2477087
0.1 5104473.257914384
0.2 3311453.3842607248
0.4 1193386.8571839985
0.8 758848.6411949464
1.6 383581.67459679197
3.2 185433.45633782414
6.4 102778.3845933666
12.8 20264.196663918432
262144
Time: 113.99379475911458
Query result: 2477087
0.1 3181467.378554317
0.2 811449.0010107534
0.4 796259.3546749742
0.8 300880.66605612106
1.6 224349.19067365088
3.2 84722.93124467628
6.4 22128.28304678254
12.8 21558.47437189235
131072
Time: 96.84123984972636
Query result: 2477087
0.1 722178.3093716905
0.2 543184.5861107563
0.4 170640.5271919036
0.8 118221.86522021514
1.6 31824.72848508028
3.2 46118.11847915896
6.4 25335.204858487115
12.8 8348.512849826218
65536
Time: 98.93225065867107
Query result: 2477087
0.1 856421.7034610603
0.2 304096.2925293164
0.4 300508.63969032874
0.8 50753.05942644509
1.6 29956.67082135937
3.2 13432.542761149618
6.4 11284.77990335385
12.8 3448.1768342897944
32768
Time: 126.65517981847127
Query result: 2477087
0.1 294278.19781343825
0.2 191366.1539046485
0.4 70287.72144359771
0.8 66784.8295800213
1.6 28553.246283944398
3.2 8214.209885026272
6.4 4920.6168642539105
12.8 2506.6515387241284
16384
Time: 128.25536807378134
Query result: 2477087
0.1 85609.04456731821
0.2 68759.65832654468
0.4 42666.8125963478
0.8 21901.750014182486
1.6 11235.844459892298
3.2 6733.053953621255
6.4 4117.095099513711
12.8 1794.865968782379
8192
Time: 128.3105068206787
Query result: 2477087
0.1 64159.73115275092
0.2 33806.584823677214
0.4 14539.871162145482
0.8 6749.815591593098
1.6 5355.289674394384
3.2 2638.0178239256074
6.4 815.1248313685807
12.8 665.4677098625585
4096
Time: 123.72543835639954
Query result: 2477087
0.1 44513.21173075786
0.2 26591.3839581648
0.4 19097.76256525221
0.8 15480.109795573206
1.6 13908.028270924182
3.2 14134.653626018737
6.4 14344.643723894045
12.8 14289.753628286024
2048
Time: 126.9751759370168
Query result: 2477087
0.1 37406.826239569025
0.2 32304.447591684475
0.4 44778.752391509144
0.8 40806.930656833494
1.6 40440.55678838108
3.2 39991.003598266616
6.4 39815.57112362265
12.8 39979.58852772584
1024
Time: 117.99012653032939
Query result: 2477087
0.1 87062.88441484686
0.2 89452.65113222797
0.4 87352.58155177436
0.8 87301.03620287954
1.6 86805.51935826232
3.2 87310.58564820269
6.4 87282.26406610351
12.8 87280.87187630574
512
Time: 132.15373055140176
Query result: 2477087
0.1 167398.37794091535
0.2 165178.117098462
0.4 167382.2087176786
0.8 167206.71591956855
1.6 167831.4395313875
3.2 167605.661307986
6.4 167592.29545079666
12.8 167610.56009024283
256
Time: 151.88842058181763
Query result: 2477087
0.1 304517.83715189557
0.2 305185.6082027907
0.4 304550.29452555126
0.8 304598.78741819126
1.6 304331.42062596005
3.2 304543.77358574106
6.4 304546.64342858584
12.8 304482.7662206326
128
Time: 144.80894096692404
Query result: 2477087
0.1 551955.9547979711
0.2 550839.714506733
0.4 551940.7349352472
0.8 551733.3091268645
1.6 551727.2873114649
3.2 551763.0297126212
6.4 551765.4360591698
12.8 551770.760271719
64
Time: 183.00320315361023
Query result: 2477087
0.1 952688.5833810449
0.2 952452.7951541755
0.4 952639.6560184525
0.8 952637.1936517407
1.6 952675.434470108
3.2 952686.3961101793
6.4 952669.5174829678
12.8 952670.4778960005
32
Time: 276.1309637228648
Query result: 2477087
0.1 1410227.568015318
0.2 1410480.5209308644
0.4 1410564.0567126279
0.8 1410532.476660575
1.6 1410550.1214053172
3.2 1410537.692793763
6.4 1410535.4840277643
12.8 1410535.1921519805
16
Time: 432.41760476430255
Query result: 2477087
0.1 1808232.3041973517
0.2 1808149.0663699764
0.4 1808157.9406553037
0.8 1808170.501782329
1.6 1808163.488376376
3.2 1808163.1908742315
6.4 1808162.1214626867
12.8 1808161.397103425
8
Time: 499.567285378774
Query result: 2477087
0.1 2090424.078158517
0.2 2090353.7512307137
0.4 2090402.4634106315
0.8 2090403.962716632
1.6 2090399.32413491
3.2 2090396.0941874222
6.4 2090396.84799895
12.8 2090396.2561722111
4
Time: 622.0926633675894
Query result: 2477087
0.1 2266008.937675075
0.2 2265984.62908991
0.4 2266004.139425137
0.8 2265997.1691643125
1.6 2265998.325938021
3.2 2265998.087891067
6.4 2265998.722005477
12.8 2265998.4820610667
2
Time: 722.8566576639811
Query result: 2477087
0.1 2366531.8579108445
0.2 2366542.5615547965
0.4 2366535.195806044
0.8 2366536.5732041793
1.6 2366535.5580166783
3.2 2366536.091001637
6.4 2366536.3436122597
12.8 2366536.3700442724
