1048576
Time: 86.92832247416179
Query result: 9752186
0.1 13307849.398602962
0.2 7745825.251473166
0.4 6280931.5612199735
0.8 1661281.0924641353
1.6 925238.7072233881
3.2 355205.75502298394
6.4 208600.83419642725
12.8 65629.89853566766
524288
Time: 87.26442289352417
Query result: 9752186
0.1 3028446.053043643
0.2 2293790.768934428
0.4 2361906.678446167
0.8 425934.94650213345
1.6 323124.15706975304
3.2 192569.9193939118
6.4 96251.13065079768
12.8 50559.06981936432
262144
Time: 88.27316061655681
Query result: 9752186
0.1 2176242.2445436
0.2 645428.5976295259
0.4 850854.9948500476
0.8 327250.2730187323
1.6 216350.96909876284
3.2 67111.86252693363
6.4 42921.5247478708
12.8 17075.20227679934
131072
Time: 85.18606948852539
Query result: 9752186
0.1 1734797.3409738727
0.2 386553.39032456547
0.4 469048.7206222344
0.8 166099.60806962947
1.6 51407.01639139761
3.2 28092.006850673606
6.4 26565.727598049398
12.8 24007.508944452944
65536
Time: 89.92760252952576
Query result: 9752186
0.1 877124.0355144426
0.2 252924.74124457286
0.4 125634.61166956657
0.8 89591.5136880198
1.6 71346.8125940732
3.2 81663.5547591739
6.4 87398.25044109495
12.8 86921.31911069687
32768
Time: 90.19225351015727
Query result: 9752186
0.1 548670.9136919864
0.2 175948.63699717406
0.4 137013.95236544192
0.8 146999.8501457966
1.6 152286.83762648777
3.2 141560.65586098493
6.4 146367.52464117616
12.8 143104.35523953632
16384
Time: 89.94471168518066
Query result: 9752186
0.1 335868.2527579277
0.2 252075.06227107128
0.4 263930.10307156306
0.8 254648.85404136614
1.6 259052.84035815066
3.2 261678.89293673262
6.4 260807.81762081216
12.8 260255.5825800961
8192
Time: 89.99437753359477
Query result: 9752186
0.1 499426.13710146537
0.2 467613.3208309181
0.4 452280.4935986772
0.8 477196.16351159906
1.6 468426.16628400906
3.2 469012.84221126547
6.4 470883.4933803619
12.8 470224.6583408625
4096
Time: 86.57814049720764
Query result: 9752186
0.1 808007.1639465574
0.2 795125.3902775283
0.4 790336.8105636827
0.8 798013.0076039725
1.6 798911.8488250643
3.2 798800.4961970153
6.4 798091.5805810848
12.8 797645.4417380899
2048
Time: 85.8278755346934
Query result: 9752186
0.1 1267141.5249559062
0.2 1263920.8283161996
0.4 1266369.834242634
0.8 1263681.698288275
1.6 1262521.800676367
3.2 1261390.2755433752
6.4 1261630.721819108
12.8 1261611.1449686592
1024
Time: 89.5897315343221
Query result: 9752186
0.1 1944126.2906218045
0.2 1937381.0161606013
0.4 1936931.9525615554
0.8 1939628.6373621724
1.6 1940022.4230114624
3.2 1939645.1920041884
6.4 1939471.1939829427
12.8 1939496.01203269
512
Time: 90.01563692092896
Query result: 9752186
0.1 2840052.210711111
0.2 2841440.3869758723
0.4 2840300.1492891926
0.8 2840634.572610676
1.6 2840646.8453763006
3.2 2840890.684581645
6.4 2840899.036553034
12.8 2840871.815296122
256
Time: 100.79285685221355
Query result: 9752186
0.1 3944978.8479918316
0.2 3946491.1901699593
0.4 3946307.9750872804
0.8 3946181.4545636647
1.6 3946275.4491113573
3.2 3946231.9273774615
6.4 3946207.98101684
12.8 3946241.8762896685
128
Time: 168.84419218699136
Query result: 9752186
0.1 5198583.625365172
0.2 5198391.7611977225
0.4 5198223.365918869
0.8 5198526.024943165
1.6 5198494.3533647265
3.2 5198491.152434774
6.4 5198499.930765841
12.8 5198504.660934827
64
Time: 311.5814371903737
Query result: 9752186
0.1 6467449.806799687
0.2 6467271.465729973
0.4 6467419.652668545
0.8 6467529.686053427
1.6 6467520.549360254
3.2 6467480.74965644
6.4 6467507.717055247
12.8 6467508.305033261
32
Time: 426.9652162392934
Query result: 9752186
0.1 7575833.469205394
0.2 7575976.101185268
0.4 7576029.610920864
0.8 7576017.632978854
1.6 7576039.9096356705
3.2 7576017.580791702
6.4 7576015.718098758
12.8 7576020.916796021
16
Time: 603.5946221351624
Query result: 9752186
0.1 8423529.879192231
0.2 8423468.284225564
0.4 8423474.89095177
0.8 8423476.37187459
1.6 8423477.789266016
3.2 8423481.344576929
6.4 8423481.46391437
12.8 8423482.381306686
8
Time: 1292.2116702397664
Query result: 9752186
0.1 8995861.92360926
0.2 8995877.574013446
0.4 8995874.022524243
0.8 8995879.835523563
1.6 8995881.26224401
3.2 8995882.429215062
6.4 8995880.977681253
12.8 8995881.13523529
4
Time: 1074.1456196308136
Query result: 9752186
0.1 9344899.012662768
0.2 9344907.60198666
0.4 9344915.355515514
0.8 9344911.98426563
1.6 9344908.425407518
3.2 9344911.977084197
6.4 9344912.277018894
12.8 9344912.260956092
2
Time: 2958.5859121481576
Query result: 9752186
0.1 9541207.817019079
0.2 9541191.57655015
0.4 9541201.859717894
0.8 9541202.899394307
1.6 9541204.588535395
3.2 9541205.794811679
6.4 9541204.907474391
12.8 9541204.983182317
