1073741824
Time: 36.04450289408366
Query result: 3125323
0.1 7360170974.888144
0.2 5058300949.663935
0.4 3111937289.7723207
0.8 1128498822.3885512
1.6 789962415.0209254
3.2 222651060.4755423
6.4 205643766.26285514
12.8 84616231.93826959
536870912
Time: 35.56656241416931
Query result: 3125323
0.1 2162193421.6416283
0.2 2675218069.6093783
0.4 1814295461.7067065
0.8 925074865.342973
1.6 270458812.5338418
3.2 221168418.11998114
6.4 65655513.72782745
12.8 36412428.38172871
268435456
Time: 36.10290511449178
Query result: 3125323
0.1 2616542468.074819
0.2 1193470924.7009387
0.4 433126120.79952943
0.8 324442908.5200707
1.6 127733809.41817875
3.2 123207498.16387661
6.4 25523019.49591101
12.8 13259616.659592168
134217728
Time: 35.57648309071859
Query result: 3125323
0.1 1620615997.1332963
0.2 426647011.2757271
0.4 469780448.41908187
0.8 265481076.96307692
1.6 111869406.5412993
3.2 28732067.15874655
6.4 16364642.545689052
12.8 14297495.694766859
67108864
Time: 35.66521120071411
Query result: 3125323
0.1 523241648.83125305
0.2 430207653.53335416
0.4 236150666.85380793
0.8 45786669.44550184
1.6 39441056.55973878
3.2 28127042.858406246
6.4 7320263.571519444
12.8 4453928.4722353155
33554432
Time: 36.045745531717934
Query result: 3125323
0.1 380287278.9257883
0.2 172882476.93272015
0.4 92917115.0437945
0.8 37454863.16258829
1.6 18119742.33393236
3.2 9777141.329067536
6.4 7671457.651161781
12.8 1894117.26306094
16777216
Time: 35.294473012288414
Query result: 3125323
0.1 123252171.29554495
0.2 113038345.7181201
0.4 33901934.63367129
0.8 19315796.77768759
1.6 12552144.172499781
3.2 2027368.1490702003
6.4 3214359.246376675
12.8 1477244.1413885336
8388608
Time: 36.11545364061991
Query result: 3125323
0.1 85433315.7646787
0.2 32991604.00052487
0.4 20815522.057195242
0.8 6970955.467417074
1.6 6045174.423326465
3.2 4691698.559106411
6.4 1060553.6874183412
12.8 975275.2380184842
4194304
Time: 36.60550697644552
Query result: 3125323
0.1 57202045.56086552
0.2 8852715.823592644
0.4 7785729.9271960985
0.8 4451250.271550798
1.6 1295537.2641950601
3.2 1904255.6049378905
6.4 761112.2401779187
12.8 346247.7619632238
2097152
Time: 35.18521070480347
Query result: 3125323
0.1 25720786.452843405
0.2 9100804.307105742
0.4 8156547.9818583205
0.8 1745737.5031717233
1.6 1407463.4523838398
3.2 872944.5449957354
6.4 323399.39915254136
12.8 125207.87404856071
1048576
Time: 35.59070014953613
Query result: 3125323
0.1 11206959.494416477
0.2 6061690.046915573
0.4 1566857.6411301254
0.8 1348557.1470170533
1.6 802536.5099999508
3.2 330864.42745207285
6.4 119783.85022244952
12.8 44652.356250748024
524288
Time: 35.75083009401957
Query result: 3125323
0.1 3849206.8454926806
0.2 2116270.4774907175
0.4 1290376.0520718142
0.8 456560.85772054596
1.6 437487.7537763044
3.2 178717.56463491532
6.4 42436.92836259839
12.8 35353.535577661176
262144
Time: 35.72874879837036
Query result: 3125323
0.1 2694564.8898294442
0.2 1201892.7536071704
0.4 807090.8799466994
0.8 284150.87896806444
1.6 138539.0466441052
3.2 69238.71929757627
6.4 40349.09363581629
12.8 25115.25815460564
131072
Time: 35.931748151779175
Query result: 3125323
0.1 733880.3612467811
0.2 394001.1287366603
0.4 297549.00348234386
0.8 186447.76240097912
1.6 99418.60599592497
3.2 35873.36023157717
6.4 31093.760059685686
12.8 11882.1220988004
65536
Time: 34.87385352452596
Query result: 3125323
0.1 572341.9408031997
0.2 339481.7171861666
0.4 251040.06146114567
0.8 79515.89864099302
1.6 30394.619918851873
3.2 15914.567503106879
6.4 13815.928640162727
12.8 9963.807246632916
32768
Time: 36.094158252080284
Query result: 3125323
0.1 369962.7924325084
0.2 223250.7162468805
0.4 57647.61192845495
0.8 47029.35177354481
1.6 17827.650613373164
3.2 8243.186886355403
6.4 5027.821884451699
12.8 4464.163587922581
16384
Time: 36.33686113357544
Query result: 3125323
0.1 85202.02277163502
0.2 84161.04417538662
0.4 44185.56449499166
0.8 31739.878423564813
1.6 10582.859373923386
3.2 5540.487367985937
6.4 4987.213708129637
12.8 5693.151736050761
8192
Time: 35.24205390612284
Query result: 3125323
0.1 95112.6888320419
0.2 38319.99534141777
0.4 35551.41565085653
0.8 40128.72207910488
1.6 27437.72113023146
3.2 26929.84060503462
6.4 27624.894159023057
12.8 28231.296943629517
4096
Time: 34.5194505850474
Query result: 3125323
0.1 69748.38156976354
0.2 76809.3074512133
0.4 74177.41600542013
0.8 75142.25600536194
1.6 77782.59362192376
3.2 76838.61255930705
6.4 76274.64965268424
12.8 76681.34786136526
2048
Time: 34.88499061266581
Query result: 3125323
0.1 155379.92799341978
0.2 150522.24827538664
0.4 157647.30127794863
0.8 154534.80275604263
1.6 154778.40990399587
3.2 154844.64041742202
6.4 154685.24281559692
12.8 154743.0031036542
1024
Time: 36.20677121480306
Query result: 3125323
0.1 294158.9646407993
0.2 294510.680784566
0.4 292368.3974022118
0.8 293003.3431126297
1.6 293754.83491336054
3.2 293320.6553188991
6.4 293290.2041877559
12.8 293310.380693487
512
Time: 36.241153955459595
Query result: 3125323
0.1 519075.91451237147
0.2 521423.96027750906
0.4 521786.87334521225
0.8 522586.38430387236
1.6 521996.5427454707
3.2 522025.53382138425
6.4 522098.224056789
12.8 522072.1620710548
256
Time: 38.53142841657003
Query result: 3125323
0.1 865069.5613220554
0.2 864194.7419425461
0.4 864772.2546647827
0.8 865013.0169726342
1.6 864961.0517659921
3.2 864955.5573151747
6.4 864992.2319780098
12.8 865001.4420632342
128
Time: 39.996536572774254
Query result: 3125323
0.1 1314289.8065891215
0.2 1314498.3060335387
0.4 1314905.3111062096
0.8 1314951.2076558184
1.6 1314973.3295127486
3.2 1314937.6851590404
6.4 1314931.5058520513
12.8 1314940.8238475486
64
Time: 54.09244314829508
Query result: 3125323
0.1 1800477.6896237787
0.2 1799932.6783778418
0.4 1799984.5154439106
0.8 1800009.4196964805
1.6 1800004.765414544
3.2 1800021.94034786
6.4 1800023.8152814247
12.8 1800018.0297542582
32
Time: 73.91668597857158
Query result: 3125323
0.1 2232364.126118546
0.2 2232227.599461408
0.4 2232256.9070975073
0.8 2232223.272137345
1.6 2232240.1533648972
3.2 2232238.683250748
6.4 2232236.867728013
12.8 2232234.5958700883
16
Time: 94.82801691691081
Query result: 3125323
0.1 2565757.537468015
0.2 2565708.3680755855
0.4 2565749.935414879
0.8 2565709.9385680715
1.6 2565729.928068063
3.2 2565726.903944886
6.4 2565727.5420166203
12.8 2565726.26306874
8
Time: 103.90689476331075
Query result: 3125323
0.1 2794988.863084985
0.2 2794979.1604901017
0.4 2794991.881857466
0.8 2794981.8789256127
1.6 2794984.4603140904
3.2 2794984.456590037
6.4 2794984.820967238
12.8 2794984.4690056285
4
Time: 102.94567823410034
Query result: 3125323
0.1 2939891.7816075375
0.2 2939939.0355863557
0.4 2939924.0121392766
0.8 2939933.3001026404
1.6 2939931.073875201
3.2 2939930.3810329554
6.4 2939930.7264451096
12.8 2939931.0654008244
2
Time: 97.32492693265279
Query result: 3125323
0.1 3025759.9852208984
0.2 3025753.406842339
0.4 3025755.8087745546
0.8 3025756.922142776
1.6 3025755.937532845
3.2 3025757.0619960525
6.4 3025756.7979714135
12.8 3025756.6299072937
