134217728
Time: 94.91382519404094
Query result: 11866271
0.1 1933697988.0762925
0.2 685138050.8954428
0.4 152804802.2664522
0.8 157686245.996929
1.6 113993720.95402567
3.2 46800726.29908275
6.4 22415014.769690994
12.8 12004716.104726082
67108864.0
Time: 97.57553633054097
Query result: 11866271
0.1 1305407427.3146234
0.2 313755554.72255725
0.4 145976780.222637
0.8 80088578.46891211
1.6 25332202.9835312
3.2 22707109.221651573
6.4 9222906.69367684
12.8 5079538.987332715
33554432.0
Time: 96.9183296362559
Query result: 11866271
0.1 301761288.5627421
0.2 206159593.9234287
0.4 108218902.7593184
0.8 66202516.656447195
1.6 22844587.984669525
3.2 4647487.56400294
6.4 2684070.122212738
12.8 2200283.412669255
16777216.0
Time: 96.57451136906941
Query result: 11866271
0.1 146082146.6624996
0.2 82149825.94930129
0.4 8567135.029910572
0.8 21925162.9384006
1.6 12997925.733146818
3.2 6427926.884672868
6.4 3737749.162945591
12.8 1205214.3600829663
8388608.0
Time: 95.80230482419331
Query result: 11866271
0.1 71184228.62799716
0.2 43705567.10943025
0.4 17958585.28642419
0.8 12285288.02462149
1.6 5826012.466245703
3.2 2842852.316782708
6.4 1260539.5084883685
12.8 420949.9677683682
4194304.0
Time: 98.42503539721172
Query result: 11866271
0.1 58470852.58212894
0.2 18841935.338437878
0.4 9239884.848531201
0.8 3831916.047652396
1.6 1516961.7356225136
3.2 846655.3260870345
6.4 461388.54848949536
12.8 375983.5283365967
2097152.0
Time: 97.98164319992065
Query result: 11866271
0.1 19262907.071111806
0.2 9853912.788256157
0.4 2768981.4360861145
0.8 4009406.705360811
1.6 1419184.0881030483
3.2 252162.14370548903
6.4 321890.5931816476
12.8 180990.81539140613
1048576.0
Time: 99.03975629806519
Query result: 11866271
0.1 10139499.396978011
0.2 5487377.3936853465
0.4 1970905.6770211272
0.8 809090.3885939589
1.6 1202990.799448336
3.2 402211.93547006155
6.4 161250.951601164
12.8 91760.35333278115
524288.0
Time: 110.33835633595784
Query result: 11866271
0.1 6704674.465348301
0.2 2655457.1043893406
0.4 669003.0874253752
0.8 226374.35104565168
1.6 133036.52929537083
3.2 196932.40921662262
6.4 72329.46268901393
12.8 35706.057412130256
262144.0
Time: 119.94614044825236
Query result: 11866271
0.1 675491.7690091578
0.2 1395260.7640021725
0.4 410366.40575572633
0.8 259478.7335759708
1.6 119647.08120798913
3.2 110059.17247753355
6.4 61797.79787864239
12.8 36709.87100246073
131072.0
Time: 126.95273065567017
Query result: 11866271
0.1 1271474.4980441167
0.2 795321.8833631967
0.4 357690.74526465044
0.8 125684.3049796191
1.6 62480.4241697815
3.2 35853.790173580295
6.4 15947.299856840662
12.8 5861.492400533398
65536.0
Time: 138.5887802441915
Query result: 11866271
0.1 667329.3948130482
0.2 294987.32813532377
0.4 101826.29055739797
0.8 79306.1799964029
1.6 41904.61808329672
3.2 14152.543962274907
6.4 6630.485147352742
12.8 7505.525503238093
32768.0
Time: 204.91935229301453
Query result: 11866271
0.1 648425.6235288238
0.2 177922.35201724464
0.4 181272.63800016316
0.8 148958.63329387648
1.6 139358.6566581896
3.2 145221.35645568976
6.4 147264.6898570605
12.8 148475.52448540906
16384.0
Time: 120.05862712860107
Query result: 11866271
0.1 943581.5947702605
0.2 831292.263843451
0.4 814036.3201352402
0.8 806418.6599506333
1.6 822250.8957026857
3.2 817919.0387811856
6.4 821586.4573693769
12.8 820752.2388852641
8192.0
Time: 289.29204575220746
Query result: 11866271
0.1 2169670.552170364
0.2 2164715.7919953605
0.4 2135035.0447636824
0.8 2125856.6686010035
1.6 2139526.193984548
3.2 2138125.24130079
6.4 2137201.2146400893
12.8 2137007.256026772
4096.0
Time: 262.02256600062054
Query result: 11866271
0.1 3879113.7094861777
0.2 3886504.1235955446
0.4 3879097.7921015336
0.8 3880443.2134039877
1.6 3881830.6842811266
3.2 3880244.3231638805
6.4 3880017.992804716
12.8 3880054.1746861464
2048.0
Time: 467.95505237579346
Query result: 11866271
0.1 5767087.020555882
0.2 5782907.71933767
0.4 5780014.618005203
0.8 5779427.6820505485
1.6 5782849.704127639
3.2 5782013.354482125
6.4 5781892.030446226
12.8 5781767.298989696
1024.0
Time: 653.6001344521841
Query result: 11866271
0.1 7509496.393511017
0.2 7509099.736672692
0.4 7506517.463579697
0.8 7506256.418895081
1.6 7507534.907314482
3.2 7507127.225094756
6.4 7507258.094472332
12.8 7507278.579150575
512.0
Time: 7666.962519963582
Query result: 11866271
0.1 8880682.024623921
0.2 8881260.484956209
0.4 8881687.587439049
0.8 8881161.739202831
1.6 8881354.639879413
3.2 8881389.080477241
6.4 8881332.565150574
12.8 8881293.909797277
256.0
Time: 4902.00821185112
Query result: 11866271
0.1 9893044.981114343
0.2 9894006.069899764
0.4 9893871.568901774
0.8 9893677.126150519
1.6 9893628.215117875
3.2 9893757.317817044
6.4 9893670.289815871
12.8 9893673.558224466
128.0
Time: 724.690681775411
Query result: 11866271
0.1 10602719.510624988
0.2 10603282.439422807
0.4 10603200.859893005
0.8 10603260.164170045
1.6 10603372.75557825
3.2 10603320.424861412
6.4 10603313.841507703
12.8 10603323.436975686
64.0
Time: 989.2788490454355
Query result: 11866271
0.1 11083835.620582465
0.2 11083773.538435997
0.4 11083797.802810354
0.8 11083770.796194432
1.6 11083757.327498084
3.2 11083771.553179735
6.4 11083779.20764527
12.8 11083777.843404878
32.0
Time: 1599.5463378429413
Query result: 11866271
0.1 11396099.809228828
0.2 11395988.782398107
0.4 11396001.62405618
0.8 11396031.051452195
1.6 11396009.721041206
3.2 11396007.717290178
6.4 11396010.802261198
12.8 11396013.342452392
16.0
Time: 1623.5835540294647
Query result: 11866271
0.1 11592530.689546216
0.2 11592654.122142378
0.4 11592612.038381668
0.8 11592635.889794532
1.6 11592632.915014204
3.2 11592625.248311475
6.4 11592627.177584587
12.8 11592627.31037143
