256
Time: 1.2974932193756104
Query result: 120676
0.1 2015.8247800749373
0.2 763.263549776377
0.4 700.5292978457994
0.8 207.55714531868807
1.6 170.85312571289626
3.2 93.67897965026674
6.4 39.505138269390656
12.8 15.662802205635384
128
Time: 1.2662310600280762
Query result: 120676
0.1 1242.750323145778
0.2 1023.8066022673898
0.4 528.9562273701075
0.8 224.9651690671417
1.6 70.97812861519154
3.2 37.2141871534372
6.4 13.498755306130798
12.8 8.921281161009796
64
Time: 1.2007333437601726
Query result: 120676
0.1 711.0829935830203
0.2 277.87090795806887
0.4 202.38769415206974
0.8 84.81512894140341
1.6 33.96759033507814
3.2 7.356783013385895
6.4 11.272794626069603
12.8 6.484951005201768
32
Time: 1.264838457107544
Query result: 120676
0.1 275.4042693821711
0.2 138.65542801603584
0.4 58.933694719749475
0.8 36.96200918327913
1.6 18.239683584678605
3.2 11.258331405507324
6.4 4.059490555238127
12.8 1.6026214256800642
16
Time: 1.336319923400879
Query result: 120676
0.1 75.99319363707886
0.2 95.97568328153433
0.4 30.776546141002097
0.8 15.204011548086054
1.6 14.579268989611876
3.2 3.673133329218424
6.4 3.320776502154159
12.8 1.5501918849494785
8
Time: 1.191796859105428
Query result: 120676
0.1 76.28434634136127
0.2 41.73353964217331
0.4 14.221895342125094
0.8 7.797930361410083
1.6 5.623731502977864
3.2 2.7366531086340795
6.4 0.5596217811158073
12.8 0.3536555371144602
4
Time: 1.1113890012105305
Query result: 120676
0.1 40.725304186670655
0.2 50.367300634243364
0.4 25.62724801510526
0.8 27.112389865276214
1.6 29.60166134916572
3.2 30.227304936772477
6.4 29.936955733087053
12.8 30.207844138720823
2
Time: 0.9905890623728434
Query result: 120676
0.1 2588.9513366090523
0.2 2579.381769507015
0.4 2577.3036175920647
0.8 2576.2670136044026
1.6 2574.9771117671025
3.2 2576.7694580392554
6.4 2576.018477260727
12.8 2575.9659198377985
