262144
Time: 68.63664905230205
Query result: 9120350
0.1 1353480.9817055278
0.2 1125524.7475565255
0.4 824489.3743604803
0.8 302461.9145642629
1.6 139715.4716321524
3.2 113049.9520588291
6.4 35854.41363149697
12.8 16770.439827208895
131072.0
Time: 64.16558893521626
Query result: 9120350
0.1 1246392.3146681478
0.2 777505.1426908366
0.4 149305.42482767848
0.8 134987.43589034004
1.6 127139.29151019233
3.2 40231.68438105135
6.4 32727.133808932536
12.8 15813.295062278083
65536.0
Time: 69.28520671526591
Query result: 9120350
0.1 1067286.009561374
0.2 345597.0293776336
0.4 249971.60125491518
0.8 111882.94411503205
1.6 72023.74185100911
3.2 54368.1606687765
6.4 44235.33410774339
12.8 48275.176506798394
32768.0
Time: 63.33448974291483
Query result: 9120350
0.1 236564.63127340534
0.2 218773.60903836414
0.4 215430.62232825393
0.8 244569.22508160584
1.6 247973.83590631364
3.2 235577.72604485834
6.4 234616.47100802232
12.8 233426.31969881267
16384.0
Time: 65.45119571685791
Query result: 9120350
0.1 447142.9202399662
0.2 426830.63317362394
0.4 446967.85601093125
0.8 462878.2794718263
1.6 443339.3244106189
3.2 439046.13753653935
6.4 445532.0688348107
12.8 444603.5067252133
8192.0
Time: 66.04939913749695
Query result: 9120350
0.1 694394.154079831
0.2 712690.1339364673
0.4 709216.5740779429
0.8 718418.9118985404
1.6 718989.395123905
3.2 719075.8908979066
6.4 718593.2903723727
12.8 718472.1862034838
4096.0
Time: 66.96968372662862
Query result: 9120350
0.1 1051829.2567993966
0.2 1043990.2122722076
0.4 1040371.4604274782
0.8 1035694.9138984602
1.6 1036609.5923116744
3.2 1036602.2402173091
6.4 1036168.0944610644
12.8 1035953.7392382603
2048.0
Time: 69.36962922414143
Query result: 9120350
0.1 1439154.571201423
0.2 1442243.4928720712
0.4 1445455.986920718
0.8 1443528.7961780622
1.6 1443899.3992116575
3.2 1443976.0267759229
6.4 1443989.3727988403
12.8 1443978.815595418
1024.0
Time: 65.32780623435974
Query result: 9120350
0.1 1950106.4589380038
0.2 1952323.2829523925
0.4 1955260.6286550327
0.8 1953729.1499997317
1.6 1953625.5986161963
3.2 1953452.1076292875
6.4 1953699.7125662738
12.8 1953779.0299618125
512.0
Time: 67.80924280484517
Query result: 9120350
0.1 2567096.1519962335
0.2 2568203.888647816
0.4 2566056.6620689705
0.8 2566146.0286155664
1.6 2566503.479392552
3.2 2566447.031491096
6.4 2566397.447181505
12.8 2566408.406374662
256.0
Time: 78.10956271489461
Query result: 9120350
0.1 3340514.6403890345
0.2 3338852.3742356217
0.4 3338733.1537424773
0.8 3338837.468405044
1.6 3338856.0701109427
3.2 3338781.9062821693
6.4 3338825.980677197
12.8 3338801.4344805377
128.0
Time: 142.24514245986938
Query result: 9120350
0.1 4312042.919538098
0.2 4311477.493522136
0.4 4311419.289806543
0.8 4311794.346294521
1.6 4311727.4609337505
3.2 4311694.467768374
6.4 4311685.6120932475
12.8 4311683.016089303
64.0
Time: 267.02523454030353
Query result: 9120350
0.1 5479600.653926356
0.2 5479846.08487702
0.4 5479673.109075411
0.8 5479589.417203458
1.6 5479593.849335758
3.2 5479587.7686584275
6.4 5479592.255467752
12.8 5479593.344222703
32.0
Time: 1193.6225996017456
Query result: 9120350
0.1 6670338.1725140745
0.2 6670024.727448254
0.4 6670003.086814059
0.8 6669991.460104699
1.6 6670015.532205022
3.2 6670024.374027925
6.4 6670030.224867744
12.8 6670030.575570303
