512
Time: 6.355432192484538
Query result: 899792
0.1 5365.162940185635
0.2 2941.4465924823644
0.4 1118.575518282506
0.8 854.5839729840376
1.6 289.9338576613261
3.2 225.90174732007057
6.4 85.44881898446033
12.8 56.3831778088707
256
Time: 6.116601308186849
Query result: 899792
0.1 3520.8684802298985
0.2 2146.090893157718
0.4 976.0284168392975
0.8 751.367498923018
1.6 741.2996298807878
3.2 696.8543669953485
6.4 657.3751748717019
12.8 674.4002378034235
128
Time: 6.8231751918792725
Query result: 899792
0.1 2971.930606404692
0.2 3236.8937658621494
0.4 3284.7100788751386
0.8 3200.809528281567
1.6 3139.8150425942467
3.2 3155.4873028636052
6.4 3141.6546266103173
12.8 3141.2344171339573
64
Time: 6.15184219678243
Query result: 899792
0.1 9474.093345839818
0.2 9911.32593234659
0.4 9766.860329213481
0.8 9860.095283331637
1.6 9790.913078132597
3.2 9797.516352623825
6.4 9805.370100466951
12.8 9808.366478495258
32
Time: 6.438699007034302
Query result: 899792
0.1 27933.92043073264
0.2 27842.56886689401
0.4 27939.237553385996
0.8 27955.24617941661
1.6 27957.899158890876
3.2 27960.754315519433
6.4 27961.236426852854
12.8 27961.882900421286
16
Time: 6.158391952514648
Query result: 899792
0.1 73925.61263989036
0.2 73897.81099751499
0.4 73872.25061601245
0.8 73873.44232536542
1.6 73875.47622984722
3.2 73878.39733971217
6.4 73878.54213503972
12.8 73876.16374818228
8
Time: 7.439460436503093
Query result: 899792
0.1 187874.40871371637
0.2 187875.3062755147
0.4 187895.699105728
0.8 187877.275345226
1.6 187881.02128809498
3.2 187882.05375190295
6.4 187883.15658089696
12.8 187883.44657380495
4
Time: 23.695331652959187
Query result: 899792
0.1 402691.3584646842
0.2 402686.5417799293
0.4 402696.6741322757
0.8 402697.5887071132
1.6 402698.9315281301
3.2 402697.6883932747
6.4 402698.16909848887
12.8 402698.6306165221
2
Time: 16.799991846084595
Query result: 899792
0.1 640919.1676268243
0.2 640908.3967840052
0.4 640911.3914234503
0.8 640912.7098250188
1.6 640912.4188721178
3.2 640912.6813766598
6.4 640912.4630710988
12.8 640912.4153653451
