262144
Time: 144.6652476787567
Query result: 21820149
0.1 3731812.232597926
0.2 1428341.5232068286
0.4 992884.9025143646
0.8 376798.3607288882
1.6 192435.85567447296
3.2 74316.1258148319
6.4 35735.10327364503
12.8 25502.746689335974
131072.0
Time: 153.51510230700174
Query result: 21820149
0.1 1821445.08051204
0.2 756306.7854915408
0.4 405829.2938420993
0.8 108956.46482859824
1.6 61754.10977176651
3.2 58556.42472920632
6.4 37227.79892652595
12.8 11655.003647435431
65536.0
Time: 142.06766963005066
Query result: 21820149
0.1 800551.8365337935
0.2 488440.9900093658
0.4 226692.5455401241
0.8 106662.84773584626
1.6 58057.977349152694
3.2 69093.47263444024
6.4 70583.65938227232
12.8 65574.15809042077
32768.0
Time: 148.13304162025452
Query result: 21820149
0.1 339145.594562694
0.2 242640.6220413916
0.4 236432.7882433772
0.8 199800.72780863525
1.6 216473.65155546754
3.2 221897.06103354474
6.4 215275.2883836356
12.8 218690.89956960414
16384.0
Time: 142.89864460627237
Query result: 21820149
0.1 685177.141780081
0.2 593766.7885489373
0.4 623336.2836747415
0.8 639125.0412747944
1.6 627691.6078106957
3.2 629387.1631766541
6.4 626811.8030835701
12.8 628468.5109016298
8192.0
Time: 163.01109417279562
Query result: 21820149
0.1 1620823.354117445
0.2 1655991.3789884066
0.4 1626840.36849424
0.8 1640544.0759908152
1.6 1630474.4704701207
3.2 1637963.6030064928
6.4 1637502.1201445216
12.8 1637891.147501987
4096.0
Time: 214.45153482755026
Query result: 21820149
0.1 3467055.2258437076
0.2 3488213.869430615
0.4 3480044.0874129795
0.8 3489696.9747673557
1.6 3483987.488260921
3.2 3485808.1777052195
6.4 3485654.2394034034
12.8 3485689.952898233
2048.0
Time: 392.11437304814655
Query result: 21820149
0.1 6146995.809085371
0.2 6152725.464497486
0.4 6142244.538375301
0.8 6147837.994120186
1.6 6146536.43115842
3.2 6146645.979489783
6.4 6146564.473631882
12.8 6146618.188598951
1024.0
Time: 1601.311944802602
Query result: 21820149
0.1 9370218.290313687
0.2 9374368.121616209
0.4 9375656.889952328
0.8 9376512.65497546
1.6 9375004.965497475
3.2 9375264.384538397
6.4 9375548.993519004
12.8 9375424.486221084
512.0
Time: 2672.7337368329368
Query result: 21820149
0.1 12750053.562987063
0.2 12750233.086077597
0.4 12749458.068558859
0.8 12750579.01037641
1.6 12750358.09497429
3.2 12750041.69672822
6.4 12750136.60361954
12.8 12750137.007412095
